3.161000000000000227e+02
3.173000000000000114e+02
3.176000000000000227e+02
3.175000000000000000e+02
3.163999999999999773e+02
3.168999999999999773e+02
3.175000000000000000e+02
3.178999999999999773e+02
3.158000000000000114e+02
3.158000000000000114e+02
3.153999999999999773e+02
3.155000000000000000e+02
3.156000000000000227e+02
3.151000000000000227e+02
3.150000000000000000e+02
3.141000000000000227e+02
3.135000000000000000e+02
3.130000000000000000e+02
3.131999999999999886e+02
3.135000000000000000e+02
3.140000000000000000e+02
3.145000000000000000e+02
3.143999999999999773e+02
3.146999999999999886e+02
3.151999999999999886e+02
3.151999999999999886e+02
3.155000000000000000e+02
3.156000000000000227e+02
3.158000000000000114e+02
3.153999999999999773e+02
3.168999999999999773e+02
3.166000000000000227e+02
3.166000000000000227e+02
3.168000000000000114e+02
3.166999999999999886e+02
3.166999999999999886e+02
3.176999999999999886e+02
3.171000000000000227e+02
3.176000000000000227e+02
3.183000000000000114e+02
3.181999999999999886e+02
3.186999999999999886e+02
3.180000000000000000e+02
3.183999999999999773e+02
3.185000000000000000e+02
3.181000000000000227e+02
3.178000000000000114e+02
3.176999999999999886e+02
3.168000000000000114e+02
3.168000000000000114e+02
3.163999999999999773e+02
3.161000000000000227e+02
3.156000000000000227e+02
3.148999999999999773e+02
3.150000000000000000e+02
3.141000000000000227e+02
3.143999999999999773e+02
3.138999999999999773e+02
3.135000000000000000e+02
3.135000000000000000e+02
3.130000000000000000e+02
3.131000000000000227e+02
3.133999999999999773e+02
3.133999999999999773e+02
3.141000000000000227e+02
3.143999999999999773e+02
3.148000000000000114e+02
3.151999999999999886e+02
3.151000000000000227e+02
3.150000000000000000e+02
3.156000000000000227e+02
3.158000000000000114e+02
3.156999999999999886e+02
3.156999999999999886e+02
3.163999999999999773e+02
3.166999999999999886e+02
3.165000000000000000e+02
3.166000000000000227e+02
3.166000000000000227e+02
3.168999999999999773e+02
3.173999999999999773e+02
3.170000000000000000e+02
3.168999999999999773e+02
3.176999999999999886e+02
3.180000000000000000e+02
3.176999999999999886e+02
3.186000000000000227e+02
3.193000000000000114e+02
3.190000000000000000e+02
3.190000000000000000e+02
3.196999999999999886e+02
3.198999999999999773e+02
3.198000000000000114e+02
3.200000000000000000e+02
3.200000000000000000e+02
3.193999999999999773e+02
3.200000000000000000e+02
3.193999999999999773e+02
3.190000000000000000e+02
3.181000000000000227e+02
3.186000000000000227e+02
3.183999999999999773e+02
3.178999999999999773e+02
3.173000000000000114e+02
3.166000000000000227e+02
3.166999999999999886e+02
3.151000000000000227e+02
3.146999999999999886e+02
3.146999999999999886e+02
3.145000000000000000e+02
3.141999999999999886e+02
3.133000000000000114e+02
3.136000000000000227e+02
3.133000000000000114e+02
3.138999999999999773e+02
3.141999999999999886e+02
3.141999999999999886e+02
3.145000000000000000e+02
3.151000000000000227e+02
3.151000000000000227e+02
3.153999999999999773e+02
3.158000000000000114e+02
3.160000000000000000e+02
3.161999999999999886e+02
3.163999999999999773e+02
3.166000000000000227e+02
3.166999999999999886e+02
3.170000000000000000e+02
3.170000000000000000e+02
3.170000000000000000e+02
3.170000000000000000e+02
3.176999999999999886e+02
3.178999999999999773e+02
3.180000000000000000e+02
3.180000000000000000e+02
3.185000000000000000e+02
3.188999999999999773e+02
3.186999999999999886e+02
3.193999999999999773e+02
3.195000000000000000e+02
3.188999999999999773e+02
3.196999999999999886e+02
3.196000000000000227e+02
3.206000000000000227e+02
3.203999999999999773e+02
3.206000000000000227e+02
3.203000000000000114e+02
3.200000000000000000e+02
3.200000000000000000e+02
3.196000000000000227e+02
3.193999999999999773e+02
3.191999999999999886e+02
3.190000000000000000e+02
3.183999999999999773e+02
3.171000000000000227e+02
3.178999999999999773e+02
3.178999999999999773e+02
3.173000000000000114e+02
3.166999999999999886e+02
3.151999999999999886e+02
3.151999999999999886e+02
3.148999999999999773e+02
3.145000000000000000e+02
3.150000000000000000e+02
3.156000000000000227e+02
3.148999999999999773e+02
3.153999999999999773e+02
3.153999999999999773e+02
3.156999999999999886e+02
3.158000000000000114e+02
3.156999999999999886e+02
3.161999999999999886e+02
3.165000000000000000e+02
3.165000000000000000e+02
3.170000000000000000e+02
3.168999999999999773e+02
3.171000000000000227e+02
3.173999999999999773e+02
3.178999999999999773e+02
3.181000000000000227e+02
3.180000000000000000e+02
3.176999999999999886e+02
3.180000000000000000e+02
3.183000000000000114e+02
3.188999999999999773e+02
3.193000000000000114e+02
3.191999999999999886e+02
3.193999999999999773e+02
3.198999999999999773e+02
3.196999999999999886e+02
3.201999999999999886e+02
3.201999999999999886e+02
3.210000000000000000e+02
3.206999999999999886e+02
3.203000000000000114e+02
3.208000000000000114e+02
3.206999999999999886e+02
3.210000000000000000e+02
3.211000000000000227e+02
3.208999999999999773e+02
3.208000000000000114e+02
3.205000000000000000e+02
3.201000000000000227e+02
3.201999999999999886e+02
3.201000000000000227e+02
3.198999999999999773e+02
3.190000000000000000e+02
3.186999999999999886e+02
3.186000000000000227e+02
3.171999999999999886e+02
3.173999999999999773e+02
3.166000000000000227e+02
3.156999999999999886e+02
3.158999999999999773e+02
3.151000000000000227e+02
3.153999999999999773e+02
3.156999999999999886e+02
3.156999999999999886e+02
3.158999999999999773e+02
3.163999999999999773e+02
3.168999999999999773e+02
3.170000000000000000e+02
3.171000000000000227e+02
3.173000000000000114e+02
3.176000000000000227e+02
3.181000000000000227e+02
3.185000000000000000e+02
3.186999999999999886e+02
3.188999999999999773e+02
3.188000000000000114e+02
3.186999999999999886e+02
3.188999999999999773e+02
3.193000000000000114e+02
3.193000000000000114e+02
3.196999999999999886e+02
3.198000000000000114e+02
3.203000000000000114e+02
3.201999999999999886e+02
3.203000000000000114e+02
3.208999999999999773e+02
3.220000000000000000e+02
3.218999999999999773e+02
3.218999999999999773e+02
3.221999999999999886e+02
3.221999999999999886e+02
3.223000000000000114e+02
3.220000000000000000e+02
3.218000000000000114e+02
3.208000000000000114e+02
3.203999999999999773e+02
3.201000000000000227e+02
3.198000000000000114e+02
3.195000000000000000e+02
3.190000000000000000e+02
3.186000000000000227e+02
3.181999999999999886e+02
3.176999999999999886e+02
3.171000000000000227e+02
3.163999999999999773e+02
3.168000000000000114e+02
3.158999999999999773e+02
3.160000000000000000e+02
3.158999999999999773e+02
3.161999999999999886e+02
3.156000000000000227e+02
3.161000000000000227e+02
3.163000000000000114e+02
3.166000000000000227e+02
3.168000000000000114e+02
3.171000000000000227e+02
3.175000000000000000e+02
3.180000000000000000e+02
3.181999999999999886e+02
3.185000000000000000e+02
3.186999999999999886e+02
3.190000000000000000e+02
3.193999999999999773e+02
3.198000000000000114e+02
3.220000000000000000e+02
3.220000000000000000e+02
3.215000000000000000e+02
3.211000000000000227e+02
3.198999999999999773e+02
3.201999999999999886e+02
3.200000000000000000e+02
3.191000000000000227e+02
3.186000000000000227e+02
3.181999999999999886e+02
3.181000000000000227e+02
3.173999999999999773e+02
3.165000000000000000e+02
3.155000000000000000e+02
3.170000000000000000e+02
3.168999999999999773e+02
3.165000000000000000e+02
3.168000000000000114e+02
3.170000000000000000e+02
3.176000000000000227e+02
3.176999999999999886e+02
3.176000000000000227e+02
3.175000000000000000e+02
3.181000000000000227e+02
3.183999999999999773e+02
3.185000000000000000e+02
3.188999999999999773e+02
3.188999999999999773e+02
3.190000000000000000e+02
3.191000000000000227e+02
3.191000000000000227e+02
3.196999999999999886e+02
3.201000000000000227e+02
3.201999999999999886e+02
3.201000000000000227e+02
3.206999999999999886e+02
3.208000000000000114e+02
3.210000000000000000e+02
3.208999999999999773e+02
3.203999999999999773e+02
3.213999999999999773e+02
3.218999999999999773e+02
3.221999999999999886e+02
3.221000000000000227e+02
3.218000000000000114e+02
3.223999999999999773e+02
3.221999999999999886e+02
3.218999999999999773e+02
3.216000000000000227e+02
3.221999999999999886e+02
3.218000000000000114e+02
3.216999999999999886e+02
3.216999999999999886e+02
3.218999999999999773e+02
3.218999999999999773e+02
3.218000000000000114e+02
3.216999999999999886e+02
3.203999999999999773e+02
3.193999999999999773e+02
3.193999999999999773e+02
3.180000000000000000e+02
3.188000000000000114e+02
3.186999999999999886e+02
3.183000000000000114e+02
3.180000000000000000e+02
3.181999999999999886e+02
3.168000000000000114e+02
3.166000000000000227e+02
3.171999999999999886e+02
3.178000000000000114e+02
3.175000000000000000e+02
3.176000000000000227e+02
3.183000000000000114e+02
3.191999999999999886e+02
3.188999999999999773e+02
3.191000000000000227e+02
3.190000000000000000e+02
3.193000000000000114e+02
3.193000000000000114e+02
3.196999999999999886e+02
3.196000000000000227e+02
3.203999999999999773e+02
3.206000000000000227e+02
3.210000000000000000e+02
3.211000000000000227e+02
3.211999999999999886e+02
3.216999999999999886e+02
3.216000000000000227e+02
3.218000000000000114e+02
3.221000000000000227e+02
3.221000000000000227e+02
3.225000000000000000e+02
3.228000000000000114e+02
3.235000000000000000e+02
3.236000000000000227e+02
3.238000000000000114e+02
3.238999999999999773e+02
3.235000000000000000e+02
3.240000000000000000e+02
3.241000000000000227e+02
3.236999999999999886e+02
3.243000000000000114e+02
3.240000000000000000e+02
3.238000000000000114e+02
3.236999999999999886e+02
3.233000000000000114e+02
3.228000000000000114e+02
3.228999999999999773e+02
3.213000000000000114e+02
3.208000000000000114e+02
3.191000000000000227e+02
3.196000000000000227e+02
3.198999999999999773e+02
3.181999999999999886e+02
3.183999999999999773e+02
3.183000000000000114e+02
3.178999999999999773e+02
3.178999999999999773e+02
3.181999999999999886e+02
3.186000000000000227e+02
3.183000000000000114e+02
3.195000000000000000e+02
3.200000000000000000e+02
3.201999999999999886e+02
3.208000000000000114e+02
3.208000000000000114e+02
3.211000000000000227e+02
3.213000000000000114e+02
3.213000000000000114e+02
3.218999999999999773e+02
3.228999999999999773e+02
3.221000000000000227e+02
3.221999999999999886e+02
3.228000000000000114e+02
3.226000000000000227e+02
3.228999999999999773e+02
3.226000000000000227e+02
3.233000000000000114e+02
3.231999999999999886e+02
3.231000000000000227e+02
3.241999999999999886e+02
3.243999999999999773e+02
3.246000000000000227e+02
3.251000000000000227e+02
3.251999999999999886e+02
3.246999999999999886e+02
3.250000000000000000e+02
3.248999999999999773e+02
3.248999999999999773e+02
3.246000000000000227e+02
3.233000000000000114e+02
3.235000000000000000e+02
3.228000000000000114e+02
3.228000000000000114e+02
3.223999999999999773e+02
3.223999999999999773e+02
3.220000000000000000e+02
3.216000000000000227e+02
3.213999999999999773e+02
3.203999999999999773e+02
3.200000000000000000e+02
3.200000000000000000e+02
3.193999999999999773e+02
3.193000000000000114e+02
3.190000000000000000e+02
3.188000000000000114e+02
3.188000000000000114e+02
3.198000000000000114e+02
3.193999999999999773e+02
3.198000000000000114e+02
3.200000000000000000e+02
3.203000000000000114e+02
3.208999999999999773e+02
3.215000000000000000e+02
3.213999999999999773e+02
3.218000000000000114e+02
3.221999999999999886e+02
3.218999999999999773e+02
3.223000000000000114e+02
3.223999999999999773e+02
3.225000000000000000e+02
3.225000000000000000e+02
3.228000000000000114e+02
3.226000000000000227e+02
3.231000000000000227e+02
3.233999999999999773e+02
3.231000000000000227e+02
3.231000000000000227e+02
3.238000000000000114e+02
3.238000000000000114e+02
3.241999999999999886e+02
3.246999999999999886e+02
3.246999999999999886e+02
3.250000000000000000e+02
3.248000000000000114e+02
3.253999999999999773e+02
3.256000000000000227e+02
3.250000000000000000e+02
3.255000000000000000e+02
3.258000000000000114e+02
3.256000000000000227e+02
3.256999999999999886e+02
3.255000000000000000e+02
3.248999999999999773e+02
3.246000000000000227e+02
3.246999999999999886e+02
3.241000000000000227e+02
3.238999999999999773e+02
3.233999999999999773e+02
3.223999999999999773e+02
3.221999999999999886e+02
3.220000000000000000e+02
3.216999999999999886e+02
3.213999999999999773e+02
3.203999999999999773e+02
3.211000000000000227e+02
3.196999999999999886e+02
3.198000000000000114e+02
3.205000000000000000e+02
3.205000000000000000e+02
3.201999999999999886e+02
3.198999999999999773e+02
3.206999999999999886e+02
3.208000000000000114e+02
3.213999999999999773e+02
3.216999999999999886e+02
3.220000000000000000e+02
3.223999999999999773e+02
3.228999999999999773e+02
3.233000000000000114e+02
3.231000000000000227e+02
3.233000000000000114e+02
3.240000000000000000e+02
3.243000000000000114e+02
3.241000000000000227e+02
3.241000000000000227e+02
3.238999999999999773e+02
3.243000000000000114e+02
3.248000000000000114e+02
3.251000000000000227e+02
3.255000000000000000e+02
3.256999999999999886e+02
3.258999999999999773e+02
3.258000000000000114e+02
3.261999999999999886e+02
3.271000000000000227e+02
3.265000000000000000e+02
3.265000000000000000e+02
3.275000000000000000e+02
3.278000000000000114e+02
3.268000000000000114e+02
3.268999999999999773e+02
3.273999999999999773e+02
3.265000000000000000e+02
3.266999999999999886e+02
3.266999999999999886e+02
3.263000000000000114e+02
3.261000000000000227e+02
3.260000000000000000e+02
3.256999999999999886e+02
3.253999999999999773e+02
3.245000000000000000e+02
3.245000000000000000e+02
3.231000000000000227e+02
3.225000000000000000e+02
3.231000000000000227e+02
3.221999999999999886e+02
3.226999999999999886e+02
3.228000000000000114e+02
3.218999999999999773e+02
3.215000000000000000e+02
3.218000000000000114e+02
3.220000000000000000e+02
3.218999999999999773e+02
3.221999999999999886e+02
3.226000000000000227e+02
3.226999999999999886e+02
3.231000000000000227e+02
3.235000000000000000e+02
3.238999999999999773e+02
3.238999999999999773e+02
3.241999999999999886e+02
3.245000000000000000e+02
3.246999999999999886e+02
3.253999999999999773e+02
3.250000000000000000e+02
3.248000000000000114e+02
3.255000000000000000e+02
3.256999999999999886e+02
3.260000000000000000e+02
3.263000000000000114e+02
3.261000000000000227e+02
3.268000000000000114e+02
3.268000000000000114e+02
3.275000000000000000e+02
3.268999999999999773e+02
3.281999999999999886e+02
3.278000000000000114e+02
3.278000000000000114e+02
3.285000000000000000e+02
3.278999999999999773e+02
3.275000000000000000e+02
3.280000000000000000e+02
3.283000000000000114e+02
3.278999999999999773e+02
3.275000000000000000e+02
3.278000000000000114e+02
3.276999999999999886e+02
3.271999999999999886e+02
3.271999999999999886e+02
3.261999999999999886e+02
3.261999999999999886e+02
3.256000000000000227e+02
3.251999999999999886e+02
3.251999999999999886e+02
3.248000000000000114e+02
3.248000000000000114e+02
3.233000000000000114e+02
3.228999999999999773e+02
3.235000000000000000e+02
3.231000000000000227e+02
3.231000000000000227e+02
3.231999999999999886e+02
3.235000000000000000e+02
3.228999999999999773e+02
3.230000000000000000e+02
3.231000000000000227e+02
3.236000000000000227e+02
3.236999999999999886e+02
3.241999999999999886e+02
3.246999999999999886e+02
3.246999999999999886e+02
3.250000000000000000e+02
3.251999999999999886e+02
3.255000000000000000e+02
3.256999999999999886e+02
3.258000000000000114e+02
3.258999999999999773e+02
3.266999999999999886e+02
3.266000000000000227e+02
3.265000000000000000e+02
3.263999999999999773e+02
3.266999999999999886e+02
3.270000000000000000e+02
3.271000000000000227e+02
3.273000000000000114e+02
3.270000000000000000e+02
3.273999999999999773e+02
3.273999999999999773e+02
3.271000000000000227e+02
3.276999999999999886e+02
3.285000000000000000e+02
3.281999999999999886e+02
3.290000000000000000e+02
3.291999999999999886e+02
3.288999999999999773e+02
3.288000000000000114e+02
3.285000000000000000e+02
3.288000000000000114e+02
3.281000000000000227e+02
3.285000000000000000e+02
3.278999999999999773e+02
3.278000000000000114e+02
3.275000000000000000e+02
3.261999999999999886e+02
3.266999999999999886e+02
3.261000000000000227e+02
3.256000000000000227e+02
3.253000000000000114e+02
3.240000000000000000e+02
3.236000000000000227e+02
3.235000000000000000e+02
3.231999999999999886e+02
3.233000000000000114e+02
3.233000000000000114e+02
3.228999999999999773e+02
3.235000000000000000e+02
3.236000000000000227e+02
3.243999999999999773e+02
3.243000000000000114e+02
3.245000000000000000e+02
3.250000000000000000e+02
3.255000000000000000e+02
3.253000000000000114e+02
3.258999999999999773e+02
3.261999999999999886e+02
3.263000000000000114e+02
3.266000000000000227e+02
3.266000000000000227e+02
3.266000000000000227e+02
3.266000000000000227e+02
3.271999999999999886e+02
3.273999999999999773e+02
3.278999999999999773e+02
3.278000000000000114e+02
3.273999999999999773e+02
3.275000000000000000e+02
3.271000000000000227e+02
3.276999999999999886e+02
3.286000000000000227e+02
3.288999999999999773e+02
3.293999999999999773e+02
3.298000000000000114e+02
3.301000000000000227e+02
3.300000000000000000e+02
3.300000000000000000e+02
3.296999999999999886e+02
3.301000000000000227e+02
3.301999999999999886e+02
3.296999999999999886e+02
3.291000000000000227e+02
3.290000000000000000e+02
3.285000000000000000e+02
3.286000000000000227e+02
3.283000000000000114e+02
3.276999999999999886e+02
3.281000000000000227e+02
3.275000000000000000e+02
3.268999999999999773e+02
3.266000000000000227e+02
3.265000000000000000e+02
3.250000000000000000e+02
3.253999999999999773e+02
3.256999999999999886e+02
3.248000000000000114e+02
3.241999999999999886e+02
3.241999999999999886e+02
3.248000000000000114e+02
3.255000000000000000e+02
3.251000000000000227e+02
3.258000000000000114e+02
3.263000000000000114e+02
3.261000000000000227e+02
3.263999999999999773e+02
3.268999999999999773e+02
3.268999999999999773e+02
3.271000000000000227e+02
3.276000000000000227e+02
3.278999999999999773e+02
3.281999999999999886e+02
3.283999999999999773e+02
3.283999999999999773e+02
3.286000000000000227e+02
3.288000000000000114e+02
3.291000000000000227e+02
3.295000000000000000e+02
3.296000000000000227e+02
3.296999999999999886e+02
3.298999999999999773e+02
3.301000000000000227e+02
3.305000000000000000e+02
3.308000000000000114e+02
3.306000000000000227e+02
3.311999999999999886e+02
3.311000000000000227e+02
3.318999999999999773e+02
3.321000000000000227e+02
3.321999999999999886e+02
3.323000000000000114e+02
3.326000000000000227e+02
3.325000000000000000e+02
3.321999999999999886e+02
3.325000000000000000e+02
3.320000000000000000e+02
3.316000000000000227e+02
3.313999999999999773e+02
3.315000000000000000e+02
3.310000000000000000e+02
3.300000000000000000e+02
3.301000000000000227e+02
3.300000000000000000e+02
3.295000000000000000e+02
3.293000000000000114e+02
3.285000000000000000e+02
3.283999999999999773e+02
3.276000000000000227e+02
3.278000000000000114e+02
3.271000000000000227e+02
3.266000000000000227e+02
3.270000000000000000e+02
3.273999999999999773e+02
3.273999999999999773e+02
3.271000000000000227e+02
3.275000000000000000e+02
3.280000000000000000e+02
3.281999999999999886e+02
3.285000000000000000e+02
3.290000000000000000e+02
3.286999999999999886e+02
3.286000000000000227e+02
3.281999999999999886e+02
3.286999999999999886e+02
3.288999999999999773e+02
3.291999999999999886e+02
3.293999999999999773e+02
3.298000000000000114e+02
3.305000000000000000e+02
3.308000000000000114e+02
3.306000000000000227e+02
3.306000000000000227e+02
3.306999999999999886e+02
3.311999999999999886e+02
3.321000000000000227e+02
3.320000000000000000e+02
3.315000000000000000e+02
3.323999999999999773e+02
3.321000000000000227e+02
3.328999999999999773e+02
3.331000000000000227e+02
3.328999999999999773e+02
3.330000000000000000e+02
3.331999999999999886e+02
3.328000000000000114e+02
3.328999999999999773e+02
3.320000000000000000e+02
3.320000000000000000e+02
3.321999999999999886e+02
3.316999999999999886e+02
3.316999999999999886e+02
3.311999999999999886e+02
3.303999999999999773e+02
3.310000000000000000e+02
3.300000000000000000e+02
3.298999999999999773e+02
3.291999999999999886e+02
3.288999999999999773e+02
3.281000000000000227e+02
3.280000000000000000e+02
3.273000000000000114e+02
3.268999999999999773e+02
3.273000000000000114e+02
3.273000000000000114e+02
3.270000000000000000e+02
3.275000000000000000e+02
3.276999999999999886e+02
3.278999999999999773e+02
3.280000000000000000e+02
3.288000000000000114e+02
3.286000000000000227e+02
3.286999999999999886e+02
3.295000000000000000e+02
3.296999999999999886e+02
3.298000000000000114e+02
3.296999999999999886e+02
3.298999999999999773e+02
3.298000000000000114e+02
3.301999999999999886e+02
3.311000000000000227e+02
3.311000000000000227e+02
3.313999999999999773e+02
3.310000000000000000e+02
3.316999999999999886e+02
3.318000000000000114e+02
3.316000000000000227e+02
3.318999999999999773e+02
3.321999999999999886e+02
3.325000000000000000e+02
3.330000000000000000e+02
3.335000000000000000e+02
3.335000000000000000e+02
3.331000000000000227e+02
3.338999999999999773e+02
3.338999999999999773e+02
3.336999999999999886e+02
3.336999999999999886e+02
3.341000000000000227e+02
3.338000000000000114e+02
3.333000000000000114e+02
3.333999999999999773e+02
3.331000000000000227e+02
3.326999999999999886e+02
3.320000000000000000e+02
3.310000000000000000e+02
3.315000000000000000e+02
3.308000000000000114e+02
3.306999999999999886e+02
3.303000000000000114e+02
3.293000000000000114e+02
3.288000000000000114e+02
3.293999999999999773e+02
3.285000000000000000e+02
3.280000000000000000e+02
3.281999999999999886e+02
3.280000000000000000e+02
3.280000000000000000e+02
3.285000000000000000e+02
3.288000000000000114e+02
3.293000000000000114e+02
3.291999999999999886e+02
3.291000000000000227e+02
3.295000000000000000e+02
3.301000000000000227e+02
3.303000000000000114e+02
3.305000000000000000e+02
3.311000000000000227e+02
3.311999999999999886e+02
3.315000000000000000e+02
3.315000000000000000e+02
3.316999999999999886e+02
3.318000000000000114e+02
3.321999999999999886e+02
3.321000000000000227e+02
3.325000000000000000e+02
3.331999999999999886e+02
3.323999999999999773e+02
3.328000000000000114e+02
3.336000000000000227e+02
3.331000000000000227e+02
3.343000000000000114e+02
3.346999999999999886e+02
3.341999999999999886e+02
3.343999999999999773e+02
3.345000000000000000e+02
3.346999999999999886e+02
3.343000000000000114e+02
3.346000000000000227e+02
3.353999999999999773e+02
3.348000000000000114e+02
3.343000000000000114e+02
3.346000000000000227e+02
3.343000000000000114e+02
3.336000000000000227e+02
3.333999999999999773e+02
3.328000000000000114e+02
3.323999999999999773e+02
3.321000000000000227e+02
3.316999999999999886e+02
3.306000000000000227e+02
3.306000000000000227e+02
3.300000000000000000e+02
3.296999999999999886e+02
3.300000000000000000e+02
3.293000000000000114e+02
3.283999999999999773e+02
3.288000000000000114e+02
3.290000000000000000e+02
3.296000000000000227e+02
3.291000000000000227e+02
3.290000000000000000e+02
3.298000000000000114e+02
3.303999999999999773e+02
3.305000000000000000e+02
3.306999999999999886e+02
3.311000000000000227e+02
3.313000000000000114e+02
3.318999999999999773e+02
3.321999999999999886e+02
3.325000000000000000e+02
3.323999999999999773e+02
3.331000000000000227e+02
3.331999999999999886e+02
3.331999999999999886e+02
3.333999999999999773e+02
3.333000000000000114e+02
3.333999999999999773e+02
3.336000000000000227e+02
3.341000000000000227e+02
3.346000000000000227e+02
3.351000000000000227e+02
3.350000000000000000e+02
3.355000000000000000e+02
3.358999999999999773e+02
3.360000000000000000e+02
3.361000000000000227e+02
3.366999999999999886e+02
3.368000000000000114e+02
3.363999999999999773e+02
3.368000000000000114e+02
3.366999999999999886e+02
3.363999999999999773e+02
3.363000000000000114e+02
3.361000000000000227e+02
3.360000000000000000e+02
3.355000000000000000e+02
3.351000000000000227e+02
3.351000000000000227e+02
3.346000000000000227e+02
3.336999999999999886e+02
3.330000000000000000e+02
3.328999999999999773e+02
3.328000000000000114e+02
3.328000000000000114e+02
3.321000000000000227e+02
3.311999999999999886e+02
3.321000000000000227e+02
3.308999999999999773e+02
3.303999999999999773e+02
3.308999999999999773e+02
3.315000000000000000e+02
3.315000000000000000e+02
3.316999999999999886e+02
3.321000000000000227e+02
3.320000000000000000e+02
3.325000000000000000e+02
3.328000000000000114e+02
3.331999999999999886e+02
3.335000000000000000e+02
3.338000000000000114e+02
3.341999999999999886e+02
3.346000000000000227e+02
3.341999999999999886e+02
3.346000000000000227e+02
3.353999999999999773e+02
3.358999999999999773e+02
3.350000000000000000e+02
3.351000000000000227e+02
3.356000000000000227e+02
3.356999999999999886e+02
3.361999999999999886e+02
3.361000000000000227e+02
3.368000000000000114e+02
3.373000000000000114e+02
3.370000000000000000e+02
3.378999999999999773e+02
3.378999999999999773e+02
3.373999999999999773e+02
3.380000000000000000e+02
3.380000000000000000e+02
3.381000000000000227e+02
3.378000000000000114e+02
3.378999999999999773e+02
3.383999999999999773e+02
3.381999999999999886e+02
3.378000000000000114e+02
3.373000000000000114e+02
3.376000000000000227e+02
3.366999999999999886e+02
3.366999999999999886e+02
3.358999999999999773e+02
3.356000000000000227e+02
3.351000000000000227e+02
3.348000000000000114e+02
3.343999999999999773e+02
3.343000000000000114e+02
3.338000000000000114e+02
3.328000000000000114e+02
3.321000000000000227e+02
3.323000000000000114e+02
3.326999999999999886e+02
3.321000000000000227e+02
3.323999999999999773e+02
3.330000000000000000e+02
3.331000000000000227e+02
3.335000000000000000e+02
3.338000000000000114e+02
3.338000000000000114e+02
3.341999999999999886e+02
3.345000000000000000e+02
3.348000000000000114e+02
3.351000000000000227e+02
3.351000000000000227e+02
3.353000000000000114e+02
3.353000000000000114e+02
3.358999999999999773e+02
3.368000000000000114e+02
3.368999999999999773e+02
3.368999999999999773e+02
3.365000000000000000e+02
3.366999999999999886e+02
3.366999999999999886e+02
3.371000000000000227e+02
3.376999999999999886e+02
3.373999999999999773e+02
3.390000000000000000e+02
3.388000000000000114e+02
3.381000000000000227e+02
3.386000000000000227e+02
3.391999999999999886e+02
3.396000000000000227e+02
3.393000000000000114e+02
3.388000000000000114e+02
3.398000000000000114e+02
3.396000000000000227e+02
3.398999999999999773e+02
3.395000000000000000e+02
3.388999999999999773e+02
3.388999999999999773e+02
3.390000000000000000e+02
3.381999999999999886e+02
3.378000000000000114e+02
3.373000000000000114e+02
3.368000000000000114e+02
3.370000000000000000e+02
3.365000000000000000e+02
3.361000000000000227e+02
3.345000000000000000e+02
3.343999999999999773e+02
3.340000000000000000e+02
3.341999999999999886e+02
3.331999999999999886e+02
3.341000000000000227e+02
3.341000000000000227e+02
3.338999999999999773e+02
3.336999999999999886e+02
3.341000000000000227e+02
3.346999999999999886e+02
3.348000000000000114e+02
3.355000000000000000e+02
3.356000000000000227e+02
3.358999999999999773e+02
3.365000000000000000e+02
3.366999999999999886e+02
3.368000000000000114e+02
3.373999999999999773e+02
3.376000000000000227e+02
3.373999999999999773e+02
3.383000000000000114e+02
3.383999999999999773e+02
3.380000000000000000e+02
3.381000000000000227e+02
3.386000000000000227e+02
3.381999999999999886e+02
3.393000000000000114e+02
3.395000000000000000e+02
3.400000000000000000e+02
3.405000000000000000e+02
3.410000000000000000e+02
3.403999999999999773e+02
3.408999999999999773e+02
3.406999999999999886e+02
3.410000000000000000e+02
3.415000000000000000e+02
3.413000000000000114e+02
3.413000000000000114e+02
3.408999999999999773e+02
3.416999999999999886e+02
3.413000000000000114e+02
3.413000000000000114e+02
3.408000000000000114e+02
3.403999999999999773e+02
3.403999999999999773e+02
3.396999999999999886e+02
3.385000000000000000e+02
3.388999999999999773e+02
3.378999999999999773e+02
3.376999999999999886e+02
3.376999999999999886e+02
3.376999999999999886e+02
3.370000000000000000e+02
3.366000000000000227e+02
3.356999999999999886e+02
3.351999999999999886e+02
3.360000000000000000e+02
3.358000000000000114e+02
3.358000000000000114e+02
3.361000000000000227e+02
3.363999999999999773e+02
3.366000000000000227e+02
3.368999999999999773e+02
3.371000000000000227e+02
3.373000000000000114e+02
3.373999999999999773e+02
3.376999999999999886e+02
3.381000000000000227e+02
3.383000000000000114e+02
3.386999999999999886e+02
3.388999999999999773e+02
3.391000000000000227e+02
3.393000000000000114e+02
3.393000000000000114e+02
3.395000000000000000e+02
3.405000000000000000e+02
3.400000000000000000e+02
3.401999999999999886e+02
3.411000000000000227e+02
3.406999999999999886e+02
3.410000000000000000e+02
3.418000000000000114e+02
3.421000000000000227e+02
3.423999999999999773e+02
3.423999999999999773e+02
3.426999999999999886e+02
3.423000000000000114e+02
3.428999999999999773e+02
3.430000000000000000e+02
3.428000000000000114e+02
3.426999999999999886e+02
3.426999999999999886e+02
3.426000000000000227e+02
3.425000000000000000e+02
3.418000000000000114e+02
3.416000000000000227e+02
3.410000000000000000e+02
3.408000000000000114e+02
3.396999999999999886e+02
3.401999999999999886e+02
3.395000000000000000e+02
3.388999999999999773e+02
3.383999999999999773e+02
3.375000000000000000e+02
3.376999999999999886e+02
3.371999999999999886e+02
3.370000000000000000e+02
3.366999999999999886e+02
3.358999999999999773e+02
3.363000000000000114e+02
3.366000000000000227e+02
3.371000000000000227e+02
3.371999999999999886e+02
3.375000000000000000e+02
3.378000000000000114e+02
3.381000000000000227e+02
3.385000000000000000e+02
3.393000000000000114e+02
3.391999999999999886e+02
3.393999999999999773e+02
3.396000000000000227e+02
3.401999999999999886e+02
3.401999999999999886e+02
3.403000000000000114e+02
3.406999999999999886e+02
3.411000000000000227e+02
3.411999999999999886e+02
3.418999999999999773e+02
3.411000000000000227e+02
3.411000000000000227e+02
3.421000000000000227e+02
3.426000000000000227e+02
3.426000000000000227e+02
3.426999999999999886e+02
3.428000000000000114e+02
3.428999999999999773e+02
3.433000000000000114e+02
3.435000000000000000e+02
3.441999999999999886e+02
3.438000000000000114e+02
3.436000000000000227e+02
3.441999999999999886e+02
3.441000000000000227e+02
3.441000000000000227e+02
3.433999999999999773e+02
3.435000000000000000e+02
3.433999999999999773e+02
3.428999999999999773e+02
3.425000000000000000e+02
3.420000000000000000e+02
3.420000000000000000e+02
3.418000000000000114e+02
3.413000000000000114e+02
3.405000000000000000e+02
3.400000000000000000e+02
3.396999999999999886e+02
3.383000000000000114e+02
3.388000000000000114e+02
3.386000000000000227e+02
3.378000000000000114e+02
3.368999999999999773e+02
3.373000000000000114e+02
3.380000000000000000e+02
3.376000000000000227e+02
3.378999999999999773e+02
3.386999999999999886e+02
3.383999999999999773e+02
3.391999999999999886e+02
3.396999999999999886e+02
3.398000000000000114e+02
3.398000000000000114e+02
3.403999999999999773e+02
3.406999999999999886e+02
3.408000000000000114e+02
3.408999999999999773e+02
3.413999999999999773e+02
3.415000000000000000e+02
3.411999999999999886e+02
3.416999999999999886e+02
3.420000000000000000e+02
3.426999999999999886e+02
3.425000000000000000e+02
3.428000000000000114e+02
3.423000000000000114e+02
3.425000000000000000e+02
3.440000000000000000e+02
3.438000000000000114e+02
3.440000000000000000e+02
3.448000000000000114e+02
3.450000000000000000e+02
3.453000000000000114e+02
3.453999999999999773e+02
3.453999999999999773e+02
3.456999999999999886e+02
3.458000000000000114e+02
3.456999999999999886e+02
3.456000000000000227e+02
3.456000000000000227e+02
3.450000000000000000e+02
3.448999999999999773e+02
3.446999999999999886e+02
3.445000000000000000e+02
3.436999999999999886e+02
3.436000000000000227e+02
3.426000000000000227e+02
3.430000000000000000e+02
3.416999999999999886e+02
3.421000000000000227e+02
3.418000000000000114e+02
3.398999999999999773e+02
3.398999999999999773e+02
3.398000000000000114e+02
3.398999999999999773e+02
3.398000000000000114e+02
3.396999999999999886e+02
3.401000000000000227e+02
3.401999999999999886e+02
3.403000000000000114e+02
3.408000000000000114e+02
3.410000000000000000e+02
3.411000000000000227e+02
3.416999999999999886e+02
3.418000000000000114e+02
3.428000000000000114e+02
3.433000000000000114e+02
3.436000000000000227e+02
3.433999999999999773e+02
3.436999999999999886e+02
3.433999999999999773e+02
3.435000000000000000e+02
3.441000000000000227e+02
3.443000000000000114e+02
3.445000000000000000e+02
3.443000000000000114e+02
3.446000000000000227e+02
3.448000000000000114e+02
3.448999999999999773e+02
3.453999999999999773e+02
3.456000000000000227e+02
3.473999999999999773e+02
3.473999999999999773e+02
3.476999999999999886e+02
3.473000000000000114e+02
3.470000000000000000e+02
3.470000000000000000e+02
3.470000000000000000e+02
3.468000000000000114e+02
3.463000000000000114e+02
3.461999999999999886e+02
3.458000000000000114e+02
3.453999999999999773e+02
3.451999999999999886e+02
3.443999999999999773e+02
3.440000000000000000e+02
3.441000000000000227e+02
3.431000000000000227e+02
3.420000000000000000e+02
3.416000000000000227e+02
3.406000000000000227e+02
3.413000000000000114e+02
3.413000000000000114e+02
3.408000000000000114e+02
3.411000000000000227e+02
3.413000000000000114e+02
3.418999999999999773e+02
3.416000000000000227e+02
3.420000000000000000e+02
3.426000000000000227e+02
3.431000000000000227e+02
3.436999999999999886e+02
3.436000000000000227e+02
3.438999999999999773e+02
3.441999999999999886e+02
3.445000000000000000e+02
3.445000000000000000e+02
3.446999999999999886e+02
3.450000000000000000e+02
3.450000000000000000e+02
3.450000000000000000e+02
3.458999999999999773e+02
3.455000000000000000e+02
3.458000000000000114e+02
3.463000000000000114e+02
3.466999999999999886e+02
3.471000000000000227e+02
3.475000000000000000e+02
3.476999999999999886e+02
3.481999999999999886e+02
3.480000000000000000e+02
3.480000000000000000e+02
3.485000000000000000e+02
3.488000000000000114e+02
3.488000000000000114e+02
3.493000000000000114e+02
3.491000000000000227e+02
3.481000000000000227e+02
3.490000000000000000e+02
3.483999999999999773e+02
3.481999999999999886e+02
3.478999999999999773e+02
3.473999999999999773e+02
3.468999999999999773e+02
3.468000000000000114e+02
3.463999999999999773e+02
3.456999999999999886e+02
3.446999999999999886e+02
3.445000000000000000e+02
3.443000000000000114e+02
3.436999999999999886e+02
3.441999999999999886e+02
3.433000000000000114e+02
3.423999999999999773e+02
3.421000000000000227e+02
3.423999999999999773e+02
3.425000000000000000e+02
3.431000000000000227e+02
3.431999999999999886e+02
3.433000000000000114e+02
3.436999999999999886e+02
3.441999999999999886e+02
3.446000000000000227e+02
3.453000000000000114e+02
3.453000000000000114e+02
3.456000000000000227e+02
3.451000000000000227e+02
3.463000000000000114e+02
3.463999999999999773e+02
3.460000000000000000e+02
3.461999999999999886e+02
3.463999999999999773e+02
3.461999999999999886e+02
3.468000000000000114e+02
3.471000000000000227e+02
3.471999999999999886e+02
3.470000000000000000e+02
3.466000000000000227e+02
3.471999999999999886e+02
3.491000000000000227e+02
3.488000000000000114e+02
3.491999999999999886e+02
3.493999999999999773e+02
3.493000000000000114e+02
3.501999999999999886e+02
3.498999999999999773e+02
3.501000000000000227e+02
3.501999999999999886e+02
3.501000000000000227e+02
3.501000000000000227e+02
3.496999999999999886e+02
3.495000000000000000e+02
3.493999999999999773e+02
3.488999999999999773e+02
3.486000000000000227e+02
3.476999999999999886e+02
3.476000000000000227e+02
3.473999999999999773e+02
3.466000000000000227e+02
3.461999999999999886e+02
3.455000000000000000e+02
3.456000000000000227e+02
3.451999999999999886e+02
3.450000000000000000e+02
3.453000000000000114e+02
3.443999999999999773e+02
3.445000000000000000e+02
3.438999999999999773e+02
3.441000000000000227e+02
3.438999999999999773e+02
3.445000000000000000e+02
3.451000000000000227e+02
3.453000000000000114e+02
3.456000000000000227e+02
3.456999999999999886e+02
3.463999999999999773e+02
3.468999999999999773e+02
3.466999999999999886e+02
3.468999999999999773e+02
3.470000000000000000e+02
3.476000000000000227e+02
3.483000000000000114e+02
3.481999999999999886e+02
3.478999999999999773e+02
3.480000000000000000e+02
3.478999999999999773e+02
3.481999999999999886e+02
3.485000000000000000e+02
3.493999999999999773e+02
3.488000000000000114e+02
3.491999999999999886e+02
3.496999999999999886e+02
3.501999999999999886e+02
3.508000000000000114e+02
3.501999999999999886e+02
3.511000000000000227e+02
3.513000000000000114e+02
3.513999999999999773e+02
3.520000000000000000e+02
3.516999999999999886e+02
3.518999999999999773e+02
3.516999999999999886e+02
3.516000000000000227e+02
3.511000000000000227e+02
3.510000000000000000e+02
3.508999999999999773e+02
3.496999999999999886e+02
3.498000000000000114e+02
3.488000000000000114e+02
3.495000000000000000e+02
3.490000000000000000e+02
3.481000000000000227e+02
3.486000000000000227e+02
3.480000000000000000e+02
3.466999999999999886e+02
3.470000000000000000e+02
3.466000000000000227e+02
3.461999999999999886e+02
3.458000000000000114e+02
3.456999999999999886e+02
3.463000000000000114e+02
3.465000000000000000e+02
3.468000000000000114e+02
3.468999999999999773e+02
3.473000000000000114e+02
3.476000000000000227e+02
3.481000000000000227e+02
3.486999999999999886e+02
3.486000000000000227e+02
3.488000000000000114e+02
3.491000000000000227e+02
3.491999999999999886e+02
3.496999999999999886e+02
3.501999999999999886e+02
3.501999999999999886e+02
3.506999999999999886e+02
3.511999999999999886e+02
3.518000000000000114e+02
3.513000000000000114e+02
3.515000000000000000e+02
3.525000000000000000e+02
3.528000000000000114e+02
3.518000000000000114e+02
3.516999999999999886e+02
3.521999999999999886e+02
3.531000000000000227e+02
3.535000000000000000e+02
3.531000000000000227e+02
3.540000000000000000e+02
3.541999999999999886e+02
3.536999999999999886e+02
3.543000000000000114e+02
3.545000000000000000e+02
3.541999999999999886e+02
3.541000000000000227e+02
3.541999999999999886e+02
3.536000000000000227e+02
3.531000000000000227e+02
3.530000000000000000e+02
3.525000000000000000e+02
3.526000000000000227e+02
3.518999999999999773e+02
3.511000000000000227e+02
3.508999999999999773e+02
3.503000000000000114e+02
3.503999999999999773e+02
3.496000000000000227e+02
3.493000000000000114e+02
3.486999999999999886e+02
3.488999999999999773e+02
3.481000000000000227e+02
3.488000000000000114e+02
3.488000000000000114e+02
3.486000000000000227e+02
3.493999999999999773e+02
3.491999999999999886e+02
3.496999999999999886e+02
3.498000000000000114e+02
3.501000000000000227e+02
3.503999999999999773e+02
3.505000000000000000e+02
3.510000000000000000e+02
3.516000000000000227e+02
3.513000000000000114e+02
3.523999999999999773e+02
3.526999999999999886e+02
3.528999999999999773e+02
3.525000000000000000e+02
3.530000000000000000e+02
3.528000000000000114e+02
3.526000000000000227e+02
3.531999999999999886e+02
3.533999999999999773e+02
3.531000000000000227e+02
3.533999999999999773e+02
3.535000000000000000e+02
3.543999999999999773e+02
3.545000000000000000e+02
3.550000000000000000e+02
3.553999999999999773e+02
3.560000000000000000e+02
3.558999999999999773e+02
3.553000000000000114e+02
3.558000000000000114e+02
3.556000000000000227e+02
3.556999999999999886e+02
3.558000000000000114e+02
3.550000000000000000e+02
3.548000000000000114e+02
3.548999999999999773e+02
3.545000000000000000e+02
3.546999999999999886e+02
3.538000000000000114e+02
3.531000000000000227e+02
3.531999999999999886e+02
3.526000000000000227e+02
3.521999999999999886e+02
3.511000000000000227e+02
3.503999999999999773e+02
3.506999999999999886e+02
3.501999999999999886e+02
3.493999999999999773e+02
3.493000000000000114e+02
3.496999999999999886e+02
3.498999999999999773e+02
3.496999999999999886e+02
3.501999999999999886e+02
3.503999999999999773e+02
3.506000000000000227e+02
3.511999999999999886e+02
3.516000000000000227e+02
3.513999999999999773e+02
3.520000000000000000e+02
3.521000000000000227e+02
3.523999999999999773e+02
3.525000000000000000e+02
3.533999999999999773e+02
3.533999999999999773e+02
3.535000000000000000e+02
3.538000000000000114e+02
3.538999999999999773e+02
3.541000000000000227e+02
3.550000000000000000e+02
3.548000000000000114e+02
3.546999999999999886e+02
3.556999999999999886e+02
3.548999999999999773e+02
3.558000000000000114e+02
3.551000000000000227e+02
3.558999999999999773e+02
3.561000000000000227e+02
3.558999999999999773e+02
3.566000000000000227e+02
3.561000000000000227e+02
3.573000000000000114e+02
3.570000000000000000e+02
3.568999999999999773e+02
3.571000000000000227e+02
3.570000000000000000e+02
3.566000000000000227e+02
3.556000000000000227e+02
3.555000000000000000e+02
3.556999999999999886e+02
3.555000000000000000e+02
3.540000000000000000e+02
3.545000000000000000e+02
3.546999999999999886e+02
3.535000000000000000e+02
3.531999999999999886e+02
3.528999999999999773e+02
3.520000000000000000e+02
3.508999999999999773e+02
3.506999999999999886e+02
3.513000000000000114e+02
3.508999999999999773e+02
3.508999999999999773e+02
3.511000000000000227e+02
3.510000000000000000e+02
3.513999999999999773e+02
3.513999999999999773e+02
3.521000000000000227e+02
3.526000000000000227e+02
3.530000000000000000e+02
3.531000000000000227e+02
3.536000000000000227e+02
3.540000000000000000e+02
3.538000000000000114e+02
3.545000000000000000e+02
3.548000000000000114e+02
3.541999999999999886e+02
3.546999999999999886e+02
3.548000000000000114e+02
3.550000000000000000e+02
3.551999999999999886e+02
3.551999999999999886e+02
3.563999999999999773e+02
3.558000000000000114e+02
3.563999999999999773e+02
3.571999999999999886e+02
3.576000000000000227e+02
3.568999999999999773e+02
3.578999999999999773e+02
3.583000000000000114e+02
3.578000000000000114e+02
3.591000000000000227e+02
3.591999999999999886e+02
3.591000000000000227e+02
3.588999999999999773e+02
3.600000000000000000e+02
3.590000000000000000e+02
3.585000000000000000e+02
3.583999999999999773e+02
3.581999999999999886e+02
3.581000000000000227e+02
3.576999999999999886e+02
3.571999999999999886e+02
3.565000000000000000e+02
3.551999999999999886e+02
3.553000000000000114e+02
3.548000000000000114e+02
3.546000000000000227e+02
3.536999999999999886e+02
3.530000000000000000e+02
3.531999999999999886e+02
3.530000000000000000e+02
3.521000000000000227e+02
3.518000000000000114e+02
3.516000000000000227e+02
3.516999999999999886e+02
3.521000000000000227e+02
3.525000000000000000e+02
3.526999999999999886e+02
3.533999999999999773e+02
3.536999999999999886e+02
3.535000000000000000e+02
3.538000000000000114e+02
3.543000000000000114e+02
3.545000000000000000e+02
3.548999999999999773e+02
3.551999999999999886e+02
3.555000000000000000e+02
3.556000000000000227e+02
3.560000000000000000e+02
3.561000000000000227e+02
3.558999999999999773e+02
3.560000000000000000e+02
3.566999999999999886e+02
3.573000000000000114e+02
3.568999999999999773e+02
3.565000000000000000e+02
3.573000000000000114e+02
3.578000000000000114e+02
3.581000000000000227e+02
3.583999999999999773e+02
3.585000000000000000e+02
3.588999999999999773e+02
3.596999999999999886e+02
3.591999999999999886e+02
3.596000000000000227e+02
3.596999999999999886e+02
3.586000000000000227e+02
3.596000000000000227e+02
3.601999999999999886e+02
3.600000000000000000e+02
3.593999999999999773e+02
3.586999999999999886e+02
3.583999999999999773e+02
3.583999999999999773e+02
3.571999999999999886e+02
3.563000000000000114e+02
3.561000000000000227e+02
3.548999999999999773e+02
3.553000000000000114e+02
3.553000000000000114e+02
3.545000000000000000e+02
3.543000000000000114e+02
3.535000000000000000e+02
3.536000000000000227e+02
3.523000000000000114e+02
3.526999999999999886e+02
3.536000000000000227e+02
3.533000000000000114e+02
3.531999999999999886e+02
3.535000000000000000e+02
3.535000000000000000e+02
3.538999999999999773e+02
3.538000000000000114e+02
3.545000000000000000e+02
3.546000000000000227e+02
3.548000000000000114e+02
3.553000000000000114e+02
3.553999999999999773e+02
3.558999999999999773e+02
3.561999999999999886e+02
3.568999999999999773e+02
3.566999999999999886e+02
3.566000000000000227e+02
3.570000000000000000e+02
3.566000000000000227e+02
3.571999999999999886e+02
3.573000000000000114e+02
3.576000000000000227e+02
3.583000000000000114e+02
3.585000000000000000e+02
3.581000000000000227e+02
3.588000000000000114e+02
3.591000000000000227e+02
3.588000000000000114e+02
3.593999999999999773e+02
3.600000000000000000e+02
3.596000000000000227e+02
3.596999999999999886e+02
3.606999999999999886e+02
3.606000000000000227e+02
3.603000000000000114e+02
3.596999999999999886e+02
3.598999999999999773e+02
3.593000000000000114e+02
3.591000000000000227e+02
3.578999999999999773e+02
3.580000000000000000e+02
3.581000000000000227e+02
3.566000000000000227e+02
3.565000000000000000e+02
3.558000000000000114e+02
3.558999999999999773e+02
3.548999999999999773e+02
3.546999999999999886e+02
3.543000000000000114e+02
3.531999999999999886e+02
3.538000000000000114e+02
3.538000000000000114e+02
3.538000000000000114e+02
3.538000000000000114e+02
3.540000000000000000e+02
3.543999999999999773e+02
3.543000000000000114e+02
3.546999999999999886e+02
3.551000000000000227e+02
3.556000000000000227e+02
3.560000000000000000e+02
3.561999999999999886e+02
3.565000000000000000e+02
3.568999999999999773e+02
3.575000000000000000e+02
3.581000000000000227e+02
3.581000000000000227e+02
3.583999999999999773e+02
3.583000000000000114e+02
3.586999999999999886e+02
3.583999999999999773e+02
3.586000000000000227e+02
3.590000000000000000e+02
3.596000000000000227e+02
3.586999999999999886e+02
3.598000000000000114e+02
3.603999999999999773e+02
3.608000000000000114e+02
3.606000000000000227e+02
3.610000000000000000e+02
3.610000000000000000e+02
3.613000000000000114e+02
3.621999999999999886e+02
3.616000000000000227e+02
3.613999999999999773e+02
3.616999999999999886e+02
3.618999999999999773e+02
3.610000000000000000e+02
3.610000000000000000e+02
3.608999999999999773e+02
3.606999999999999886e+02
3.601999999999999886e+02
3.598999999999999773e+02
3.593999999999999773e+02
3.590000000000000000e+02
3.588000000000000114e+02
3.581000000000000227e+02
3.575000000000000000e+02
3.576000000000000227e+02
3.563000000000000114e+02
3.563999999999999773e+02
3.563999999999999773e+02
3.553999999999999773e+02
3.555000000000000000e+02
3.553999999999999773e+02
3.558000000000000114e+02
3.560000000000000000e+02
3.563000000000000114e+02
3.566000000000000227e+02
3.568999999999999773e+02
3.573999999999999773e+02
3.578999999999999773e+02
3.581000000000000227e+02
3.583999999999999773e+02
3.591000000000000227e+02
3.591999999999999886e+02
3.591000000000000227e+02
3.595000000000000000e+02
3.596000000000000227e+02
3.601999999999999886e+02
3.601000000000000227e+02
3.600000000000000000e+02
3.606000000000000227e+02
3.610000000000000000e+02
3.608000000000000114e+02
3.613000000000000114e+02
3.621999999999999886e+02
3.611999999999999886e+02
3.608999999999999773e+02
3.620000000000000000e+02
3.638000000000000114e+02
3.633999999999999773e+02
3.633000000000000114e+02
3.628000000000000114e+02
3.635000000000000000e+02
3.631999999999999886e+02
3.641000000000000227e+02
3.641000000000000227e+02
3.633999999999999773e+02
3.638999999999999773e+02
3.633999999999999773e+02
3.628999999999999773e+02
3.628000000000000114e+02
3.625000000000000000e+02
3.621999999999999886e+02
3.618999999999999773e+02
3.615000000000000000e+02
3.608999999999999773e+02
3.603999999999999773e+02
3.591999999999999886e+02
3.586999999999999886e+02
3.591999999999999886e+02
3.573000000000000114e+02
3.585000000000000000e+02
3.585000000000000000e+02
3.581999999999999886e+02
3.575000000000000000e+02
3.576000000000000227e+02
3.576000000000000227e+02
3.580000000000000000e+02
3.581999999999999886e+02
3.591000000000000227e+02
3.593999999999999773e+02
3.596000000000000227e+02
3.598000000000000114e+02
3.601000000000000227e+02
3.603999999999999773e+02
3.605000000000000000e+02
3.608000000000000114e+02
3.616999999999999886e+02
3.618000000000000114e+02
3.620000000000000000e+02
3.621000000000000227e+02
3.621999999999999886e+02
3.626000000000000227e+02
3.631000000000000227e+02
3.630000000000000000e+02
3.640000000000000000e+02
3.638000000000000114e+02
3.636000000000000227e+02
3.641000000000000227e+02
3.645000000000000000e+02
3.643000000000000114e+02
3.645000000000000000e+02
3.648000000000000114e+02
3.643999999999999773e+02
3.651000000000000227e+02
3.648999999999999773e+02
3.653000000000000114e+02
3.656999999999999886e+02
3.653999999999999773e+02
3.648000000000000114e+02
3.651000000000000227e+02
3.651999999999999886e+02
3.650000000000000000e+02
3.643000000000000114e+02
3.641000000000000227e+02
3.636999999999999886e+02
3.633000000000000114e+02
3.628000000000000114e+02
3.616999999999999886e+02
3.621000000000000227e+02
3.611999999999999886e+02
3.608000000000000114e+02
3.608000000000000114e+02
3.598000000000000114e+02
3.598000000000000114e+02
3.590000000000000000e+02
3.590000000000000000e+02
3.593999999999999773e+02
3.595000000000000000e+02
3.598000000000000114e+02
3.598000000000000114e+02
3.598999999999999773e+02
3.605000000000000000e+02
3.606999999999999886e+02
3.611999999999999886e+02
3.613999999999999773e+02
3.618999999999999773e+02
3.626000000000000227e+02
3.623999999999999773e+02
3.626000000000000227e+02
3.628999999999999773e+02
3.630000000000000000e+02
3.631000000000000227e+02
3.635000000000000000e+02
3.631999999999999886e+02
3.641000000000000227e+02
3.640000000000000000e+02
3.641999999999999886e+02
3.645000000000000000e+02
3.641000000000000227e+02
3.641000000000000227e+02
3.646999999999999886e+02
3.653999999999999773e+02
3.658000000000000114e+02
3.661999999999999886e+02
3.666000000000000227e+02
3.666999999999999886e+02
3.666999999999999886e+02
3.668000000000000114e+02
3.670000000000000000e+02
3.666000000000000227e+02
3.663000000000000114e+02
3.656999999999999886e+02
3.656000000000000227e+02
3.655000000000000000e+02
3.651000000000000227e+02
3.650000000000000000e+02
3.646000000000000227e+02
3.641000000000000227e+02
3.638000000000000114e+02
3.633000000000000114e+02
3.633000000000000114e+02
3.626000000000000227e+02
3.615000000000000000e+02
3.616000000000000227e+02
3.606000000000000227e+02
3.601999999999999886e+02
3.600000000000000000e+02
3.598000000000000114e+02
3.605000000000000000e+02
3.603999999999999773e+02
3.610000000000000000e+02
3.611000000000000227e+02
3.616999999999999886e+02
3.621000000000000227e+02
3.620000000000000000e+02
3.626000000000000227e+02
3.635000000000000000e+02
3.638999999999999773e+02
3.638999999999999773e+02
3.641999999999999886e+02
3.650000000000000000e+02
3.651999999999999886e+02
3.653000000000000114e+02
3.653000000000000114e+02
3.653000000000000114e+02
3.656000000000000227e+02
3.660000000000000000e+02
3.655000000000000000e+02
3.660000000000000000e+02
3.673000000000000114e+02
3.670000000000000000e+02
3.666000000000000227e+02
3.673999999999999773e+02
3.685000000000000000e+02
3.686000000000000227e+02
3.686000000000000227e+02
3.680000000000000000e+02
3.688999999999999773e+02
3.691000000000000227e+02
3.688000000000000114e+02
3.685000000000000000e+02
3.696000000000000227e+02
3.696999999999999886e+02
3.693999999999999773e+02
3.688000000000000114e+02
3.685000000000000000e+02
3.683000000000000114e+02
3.680000000000000000e+02
3.675000000000000000e+02
3.676000000000000227e+02
3.673000000000000114e+02
3.668000000000000114e+02
3.663999999999999773e+02
3.656000000000000227e+02
3.656000000000000227e+02
3.641999999999999886e+02
3.646999999999999886e+02
3.638999999999999773e+02
3.635000000000000000e+02
3.636000000000000227e+02
3.640000000000000000e+02
3.641000000000000227e+02
3.643999999999999773e+02
3.643999999999999773e+02
3.646999999999999886e+02
3.650000000000000000e+02
3.653999999999999773e+02
3.658000000000000114e+02
3.660000000000000000e+02
3.663999999999999773e+02
3.666999999999999886e+02
3.673000000000000114e+02
3.673000000000000114e+02
3.675000000000000000e+02
3.678000000000000114e+02
3.678000000000000114e+02
3.683000000000000114e+02
3.691999999999999886e+02
3.691000000000000227e+02
3.688000000000000114e+02
3.690000000000000000e+02
3.685000000000000000e+02
3.681000000000000227e+02
3.695000000000000000e+02
3.701999999999999886e+02
3.706000000000000227e+02
3.711000000000000227e+02
3.715000000000000000e+02
3.710000000000000000e+02
3.703000000000000114e+02
3.708000000000000114e+02
3.713000000000000114e+02
3.710000000000000000e+02
3.708000000000000114e+02
3.703000000000000114e+02
3.708999999999999773e+02
3.703000000000000114e+02
3.698999999999999773e+02
3.698999999999999773e+02
3.693999999999999773e+02
3.701000000000000227e+02
3.695000000000000000e+02
3.686000000000000227e+02
3.673999999999999773e+02
3.676000000000000227e+02
3.666999999999999886e+02
3.663999999999999773e+02
3.661000000000000227e+02
3.641000000000000227e+02
3.646999999999999886e+02
3.651999999999999886e+02
3.646999999999999886e+02
3.645000000000000000e+02
3.650000000000000000e+02
3.648999999999999773e+02
3.656000000000000227e+02
3.656999999999999886e+02
3.661999999999999886e+02
3.666999999999999886e+02
3.666000000000000227e+02
3.671000000000000227e+02
3.673999999999999773e+02
3.680000000000000000e+02
3.680000000000000000e+02
3.681999999999999886e+02
3.686000000000000227e+02
3.685000000000000000e+02
3.690000000000000000e+02
3.698000000000000114e+02
3.691999999999999886e+02
3.691000000000000227e+02
3.696000000000000227e+02
3.693000000000000114e+02
3.695000000000000000e+02
3.700000000000000000e+02
3.700000000000000000e+02
3.708999999999999773e+02
3.706999999999999886e+02
3.708999999999999773e+02
3.716999999999999886e+02
3.718000000000000114e+02
3.720000000000000000e+02
3.713000000000000114e+02
3.711999999999999886e+02
3.716999999999999886e+02
3.718999999999999773e+02
3.718000000000000114e+02
3.718999999999999773e+02
3.716000000000000227e+02
3.716999999999999886e+02
3.713000000000000114e+02
3.708000000000000114e+02
3.700000000000000000e+02
3.701999999999999886e+02
3.696999999999999886e+02
3.690000000000000000e+02
3.686999999999999886e+02
3.683000000000000114e+02
3.676999999999999886e+02
3.671000000000000227e+02
3.671999999999999886e+02
3.666999999999999886e+02
3.661999999999999886e+02
3.661999999999999886e+02
3.663999999999999773e+02
3.663000000000000114e+02
3.666000000000000227e+02
3.666999999999999886e+02
3.673000000000000114e+02
3.676000000000000227e+02
3.680000000000000000e+02
3.686000000000000227e+02
3.683000000000000114e+02
3.690000000000000000e+02
3.696000000000000227e+02
3.693000000000000114e+02
3.695000000000000000e+02
3.698000000000000114e+02
3.698000000000000114e+02
3.701999999999999886e+02
3.698999999999999773e+02
3.708000000000000114e+02
3.713000000000000114e+02
3.711000000000000227e+02
3.716999999999999886e+02
3.711999999999999886e+02
3.721999999999999886e+02
3.721999999999999886e+02
3.721000000000000227e+02
3.718000000000000114e+02
3.720000000000000000e+02
3.726999999999999886e+02
3.726999999999999886e+02
3.730000000000000000e+02
3.726999999999999886e+02
3.736999999999999886e+02
3.738999999999999773e+02
3.736999999999999886e+02
3.738999999999999773e+02
3.738000000000000114e+02
3.731000000000000227e+02
3.728000000000000114e+02
3.728999999999999773e+02
3.726999999999999886e+02
3.721000000000000227e+02
3.713000000000000114e+02
3.711999999999999886e+02
3.706000000000000227e+02
3.698999999999999773e+02
3.695000000000000000e+02
3.693000000000000114e+02
3.690000000000000000e+02
3.683999999999999773e+02
3.681999999999999886e+02
3.680000000000000000e+02
3.673999999999999773e+02
3.673999999999999773e+02
3.678000000000000114e+02
3.676000000000000227e+02
3.681000000000000227e+02
3.686999999999999886e+02
3.686999999999999886e+02
3.688000000000000114e+02
3.696999999999999886e+02
3.703000000000000114e+02
3.703000000000000114e+02
3.708000000000000114e+02
3.711999999999999886e+02
3.713000000000000114e+02
3.715000000000000000e+02
